GEOMETRYCOLLECTION(
LINESTRING(
15562718.976262223 4267591.157833078,
15563312.849220902 4267648.631170311,
15563909.451304425 4267653.864015381,
15564504.233505938 4267606.816394552,
15565092.660772735 4267507.847700848,
15565670.24677678 4267357.713918225,
15566232.588303393 4267157.561783432,
15566775.398988895 4266908.9199326765,
15567294.542143555 4266613.687104351,
15567786.062403815 4266274.1174924895,
15568246.215967827 4265892.803368619,
15568671.499180108 4265472.655110904,
15569058.675244972 4265016.878800106,
15569404.798864024 4264528.951560545,
15569707.238610094 4264012.594841718,
15569963.696868693 4263471.745851644,
15570172.227197828 4262910.527366825,
15570331.24897795 4262333.2161554,
15570439.559245605 4261744.210259904,
15570496.341626696 4261147.995393709,
15570501.172308126 4260549.110710875,
15570454.023009822 4259952.114212616,
15570355.260942124 4259361.548055084,
15570205.645756803 4258781.904022527,
15570006.323522577 4258217.589427308,
15569758.817778304 4257672.893693599,
15569465.017738808 4257151.955875247,
15569127.163749034 4256658.733350082,
15568747.830102302 4256196.971922889,
15568329.905357385 4255770.177557891,
15567876.570306871 4255381.589948698,
15567391.273765968 4255034.158119012,
15566877.706365978 4254730.518232231,
15566339.772550732 4254472.973771045,
15565781.560986422 4254263.478230603,
15565207.313606309 4254103.620450219,
15564621.393520938 4253994.612689206,
15564028.252032252 4253937.281532637,
15563432.394995958 4253932.061692169,
15562838.34878098 4253978.992746397,
15562250.626077397 4254077.7188441185,
15561673.69180541 4254227.491372585,
15561111.92937712 4254427.174571602,
15560569.60756058 4254675.254053384,
15560050.848191503 4254969.8481669035,
15559559.594972333 4255308.722125186,
15559099.583591048 4255689.304793828,
15558674.313383032 4256108.708019571,
15558287.020748893 4256563.748359084,
15557940.654528975 4257050.971050144,
15557637.853521794 4257566.676050573,
15557380.926318597 4258106.94595444,
15557171.83361004 4258667.675580434,
15557012.173103271 4259244.603014092,
15556903.16716911 4259833.3418737305,
15556845.65331909 4260429.4145596875,
15556840.077591572 4261028.286237955,
15556886.490904432 4261625.399302464,
15556984.548409814 4262216.208055275,
15557133.511863686 4262796.213341021,
15557332.254999831 4263360.996870896,
15557579.27187498 4263906.254972445,
15557872.688128356 4264427.831504591,
15558210.27507619 4264921.749682567,
15558589.466539131 4265384.242564569,
15559007.378278641 4265811.7819614895,
15559460.829897337 4266201.10554232,
15559946.369038206 4266549.241921215,
15560460.297698703 4266853.533527364,
15560998.700458305 4267111.657075877,
15561557.4744022 4267321.641476276,
15562132.360509496 4267481.883035443,
15562718.976262223 4267591.157833078
)
,
LINESTRING(
15559416.99690989 4234866.30763586,
15559033.050809722 4234966.003517055,
15558659.207676576 4235098.92095196,
15558298.309777426 4235264.050708385,
15557953.101309877 4235460.13886748,
15557626.20759161 4235685.696281422,
15557320.115138702 4235939.009809657,
15557037.152782584 4236218.155251232,
15556779.473968115 4236521.011877844,
15556549.040366828 4236845.278460501,
15556347.60693002 4237188.49067118,
15556176.708495876 4237548.039730458,
15556037.648053713 4237921.192162466
)
,
LINESTRING(
15553875.832142042 4237214.45815406,
15553716.484692302 4237790.272093043,
15553607.693238067 4238377.8743032655,
15553550.293597769 4238972.795812103,
15553544.730876578 4239570.510534079,
15553591.055828178 4240166.469666902,
15553688.924212728 4240756.1363047585,
15553837.599163737 4241335.020005535,
15554035.956553487 4241898.711047839,
15554282.4933236 4242442.914114642,
15554575.338724207 4242963.4811435025,
15554912.26838227 4243456.4430884775,
15555290.721097246 4243918.040346223,
15555707.818240276 4244344.751608005,
15556160.38561228 4244733.320910778,
15556644.977595983 4245080.782673801,
15557157.903418457 4245384.484522379,
15557695.255323011 4245642.107717275,
15558252.938433561 4245851.6850269,
15558826.702080445 4246011.615899311,
15559412.172344347 4246120.678812473,
15560004.885564717 4246178.040703556,
15560600.322550984 4246183.263401481,
15561193.943228805 4246136.307010881,
15561781.221449997 4246037.5302202115,
15562357.679693311 4245887.687531596,
15562918.923384191 4245687.923434612,
15563460.674564973 4245439.763571067,
15563978.804652227 4245145.102961686,
15564469.366026063 4244806.191389472,
15564928.622205656 4244425.616056779
)
,
LINESTRING(
15573874.45088907 4241232.491558505,
15573987.072073292 4240042.2270269375,
15573995.979511168 4238846.7606987655,
15573901.1390899 4237655.191216574,
15573703.305828 4236476.581714017,
15573404.017121099 4235319.891010891,
15573005.580079298 4234193.9057742255,
15572511.053081447 4233107.174150641,
15571924.221713409 4232067.941359669,
15571249.569296926 4231084.0877180835,
15570492.242253033 4230163.069543332,
15569658.010578912 4229311.863359121,
15568753.223749341 4228536.91379897
)
,
LINESTRING(
15553140.15381922 4227715.8471405115,
15552159.826326955 4228391.601490022,
15551241.738039492 4229150.576605633,
15550392.869658059 4229987.02914293,
15549619.680882169 4230894.6267464645,
15548928.061272994 4231866.495227822,
15548323.285279755 4232895.269877566,
15547809.971775567 4233973.150550804,
15547392.048420198 4235091.96013633
)
,
LINESTRING(
15570150.14673207 4226737.873286227,
15569020.36898006 4225929.84439801,
15567824.935915576 4225223.717991762,
15566572.923275257 4224624.828285132,
15565273.830843933 4224137.697820678,
15563937.511027899 4223766.004111708,
15562574.094914801 4223512.5525522875,
15561193.916351577 4223379.255770972,
15559807.434582792 4223367.119564393,
15558425.155999621 4223476.235503234,
15557057.555554744 4223705.780259188,
15555714.998399971 4224054.02165724,
15554407.662302516 4224518.331413585,
15553145.4613913 4225095.204475456,
15551937.971777568 4225780.28483534
)
,
LINESTRING(
15545231.342114432 4234383.696154333,
15544858.547935128 4235726.667548553,
15544603.62916779 4237097.32453443,
15544468.568556631 4238485.252236367,
15544454.438918076 4239879.89668543,
15544561.393613925 4241270.644858475,
15544788.663992068 4242646.905407436,
15545134.563856624 4243998.189466266,
15545596.50097542 4245314.1909151925,
15546170.995577943 4246584.865478642,
15546853.705740733 4247800.508035305,
15547639.459501036 4248951.82752595,
15548522.293483166 4250030.018857327
)
,
LINESTRING(
15565099.21713574 4261695.288129917,
15567023.269265732 4261194.410135537,
15568896.3235435 4260526.709898226,
15570704.05178778 4259697.328552811,
15572432.634500537 4258712.649536986,
15574068.867921362 4257580.247813561,
15575600.265981276 4256308.829731195,
15577015.156335358 4254908.16405887,
15578302.769713346 4253389.004803192,
15579453.321893381 4251763.006483846,
15580458.087676128 4250042.632600931,
15581309.466312796 4248241.058077954,
15582001.037920753 4246372.066505596,
15582527.610502856 4244449.9430439,
15582885.257270416 4242489.363864109
)
,
LINESTRING(
15579623.834571369 4227220.079232774,
15578498.832377393 4225581.854536018,
15577236.313641666 4224048.43264205,
15575845.904074054 4222631.392351633,
15574338.186610715 4221341.425187492
)
,
LINESTRING(
15551860.641182072 4218174.005162192,
15550058.30305538 4218997.185929827,
15548333.951820577 4219974.822607863
)
,
LINESTRING(
15594151.648469253 4244050.188395301,
15594293.136463745 4242862.413406159,
15594393.2459741 4241670.528681971,
15594451.868391119 4240475.988536893,
15594468.945765443 4239280.249582197,
15594444.47081236 4238084.768946552,
15594378.486854773 4236891.002500267,
15594271.087704716 4235700.403085671,
15594122.417483827 4234514.418755717,
15593932.670383405 4233334.4910229705,
15593702.09036455 4232162.0531209735,
15593430.970799135 4230998.528280047,
15593119.654052326 4229845.328019501,
15592768.53100741 4228703.850458197,
15592378.040533809 4227575.478645365,
15591948.668899206 4226461.578913531,
15591480.94912675 4225363.499255412,
15590975.460298292 4224282.567726443,
15590432.826804837 4223220.090874785,
15589853.717545215 4222177.352200417,
15589238.845074236 4221155.61064493,
15588588.964701427 4220156.099113661,
15587904.873541703 4219180.023031627,
15587187.409519216 4218228.558934775,
15586437.45032567 4217302.853097974,
15585655.912334524 4216404.020201119,
15584843.749472456 4215533.142034641,
15584001.952049466 4214691.266245767,
15583131.545549164 4213879.405126679,
15582233.589380644 4213098.534445761,
15581309.175593464 4212349.592323091,
15580359.427557303 4211633.478151184,
15579385.498607822 4210951.051562049,
15578388.570660274 4210303.131441472,
15577369.852792533 4209690.4949914925,
15576330.579799071 4209113.876841901,
15575272.010717563 4208573.96821155,
15574195.427329747 4208071.416120288,
15573102.132638207 4207606.822652153,
15571993.449320715 4207180.744270583,
15570870.718163883 4206793.691186116,
15569735.296477724 4206446.126777277,
15568588.556492921 4206138.467065067,
15567431.88374245 4205871.080241527,
15566266.675429258 4205644.286252841,
15565094.338781843 4205458.356437264,
15563916.289399289 4205313.5132182315,
15562733.949587628 4205209.929852929,
15561548.746689217 4205147.73023648,
15560362.111406885 4205126.988761986,
15559175.476124553 4205147.73023648
)
,
LINESTRING(
15542335.652153498 4210303.131441472,
15541338.72420595 4210951.051562049,
15540364.795256468 4211633.478151184,
15539415.047220305 4212349.592323091,
15538490.633433128 4213098.534445761,
15537592.677264608 4213879.405126679,
15536722.270764306 4214691.266245767,
15535880.473341316 4215533.142034641,
15535068.310479248 4216404.020201119,
15534286.772488102 4217302.853097974,
15533536.813294556 4218228.558934775,
15532819.349272065 4219180.023031627,
15532135.258112345 4220156.099113661,
15531485.377739536 4221155.61064493,
15530870.505268553 4222177.352200417,
15530291.396008935 4223220.090874785,
15529748.76251548 4224282.567726443,
15529243.273687022 4225363.499255412,
15528775.553914566 4226461.578913531,
15528346.182279963 4227575.478645365,
15527955.691806363 4228703.850458197,
15527604.568761446 4229845.328019501,
15527293.252014637 4230998.528280047,
15527022.132449223 4232162.0531209735,
15526791.552430367 4233334.4910229705,
15526601.805329941 4234514.418755717,
15526453.135109056 4235700.403085671,
15526345.735958995 4236891.002500267,
15526279.752001412 4238084.768946552,
15526255.277048325 4239280.249582197,
15526272.354422653 4240475.988536893,
15526330.976839673 4241670.528681971,
15526431.086350027 4242862.413406159,
15526572.574344516 4244050.188395301,
15526755.281621112 4245232.4034139,
15526978.998514349 4246407.614086198,
15527243.46508732 4247574.383674646,
15527548.371386295 4248731.284853493,
15527893.357758025 4249876.9014751585,
15528278.01522956 4251009.830327247,
15528701.885950508 4252128.682877795,
15529164.463697417 4253232.087006518,
15529665.194439925 4254318.688719759,
15530203.476968313 4255387.153846821,
15530778.663581846 4256436.169715421,
15531390.060837368 4257464.446803966,
15532036.93035741 4258470.720368373,
15532718.489696996 4259453.752041222,
15533433.913268343 4260412.331400945,
15534182.333322378 4261345.277508933,
15534962.840986058 4262251.440412259,
15535774.48735435 4263129.702609999,
15536616.284635602 4263978.9804809615,
15537487.207348958 4264798.225670766,
15538386.193572447 4265586.426436289,
15539312.146240167 4266342.608945448,
15540263.93448706 4267065.838530446,
15541240.39503952 4267755.22089261,
15542240.333650157 4268409.903256997,
15543262.526574835 4269029.075475048,
15544305.722090112 4269611.971073659,
15545368.642049087 4270157.868249021,
15546449.983473623 4270666.090803727,
15547548.420180822 4271136.009025771,
15548662.604441596 4271567.040507988,
15549791.168669082 4271958.650906768,
15550932.727134623 4272310.354638802,
15552085.877708986 4272621.715514813,
15553249.203626435 4272892.3473092625,
15554421.275269166 4273121.914265169,
15555600.651969748 4273310.131533223,
15556785.883828996 4273456.76554453,
15557975.513546744 4273561.63431638,
15559168.078263003 4273624.607690564,
15560362.111406885 4273645.607503889,
15561556.144550769 4273624.607690564,
15562748.709267028 4273561.63431638,
15563938.338984773 4273456.76554453,
15565123.570844024 4273310.131533223,
15566302.947544606 4273121.914265169,
15567475.019187333 4272892.3473092625
)
,
LINESTRING(
15554006.925415888 4284658.43089677,
15555588.84932677 4284854.347530207,
15557176.661510846 4284994.463017072,
15558768.403402705 4285078.602369952,
15560362.111406885 4285106.660502407,
15561955.819411067 4285078.602369952,
15563547.561302926 4284994.463017072,
15565135.373486998 4284854.347530207,
15566717.29739788 4284658.43089677,
15568291.382006027 4284406.957770478,
15569855.686312543 4284100.242143354,
15571408.281829324 4283738.666924948,
15572947.255040897 4283322.683429553,
15574470.709844436 4282852.810772201,
15575976.769964416 4282329.6351745,
15577463.5813384 4281753.809181484,
15578929.314470632 4281126.050790755,
15580372.16674998 4280447.142495418,
15581790.36472908 4279717.93024234,
15583182.166361358 4278939.322307503,
15584545.863192989 4278112.2880903175,
15585879.782506604 4277237.856828812,
15587182.289413959 4276317.116237876,
15588451.7888947 4275351.211072687,
15589686.727778524 4274341.341619733,
15590885.596668128 4273288.76211775,
15592046.931800487 4272194.779111192,
15593169.316844082 4271060.74973875,
15594251.384629842 4269888.079959688,
15595291.818813682 4268678.222720713,
15596289.355468638 4267432.676066226,
15597242.78460475 4266152.981194871,
15598150.951614967 4264840.720465329,
15599012.758645445 4263497.515354383,
15599827.165888809 4262125.024370231,
15600593.19279903 4260724.940924288,
15601309.919226686 4259298.991164436,
15601976.486473618 4257848.931772946,
15602592.09826595 4256376.547732264,
15603156.02164474 4254883.650061749,
15603667.58777359 4253372.073528632,
15604126.192662586 4251843.674336305,
15604531.297808303 4250300.3277931595,
15604882.430749409 4248743.925965138,
15605179.185537862 4247176.375315116,
15605421.22312553 4245599.594332265,
15605608.271666385 4244015.511154493,
15605740.126734402 4242426.06118702,
15605816.651457516 4240833.18472015,
15605837.77656796 4239238.8245492065,
15605803.500369618 4237644.923599593,
15605713.888622869 4236053.422559883,
15605569.07434774 4234466.257525815,
15605369.257546114 4232885.357657965,
15605114.704843925 4231312.642855856,
15604805.749054302 4229750.021451216,
15604442.788662711 4228199.387922967,
15604026.287235338 4226662.620636556,
15603556.772751767 4225141.579610106,
15603034.83686344 4223638.104309833,
15602461.134079095 4222154.011477075
)
,
LINESTRING(
15520287.329612397 4217835.809659925,
15519562.868056199 4219251.113757105,
15518887.841935024 4220691.092989272,
15518263.088734673 4222154.011477075,
15517689.385950333 4223638.104309833,
15517167.450062005 4225141.579610106,
15516697.935578434 4226662.620636556,
15516281.434151059 4228199.387922967,
15515918.47375947 4229750.021451216,
15515609.517969845 4231312.642855856,
15515354.965267658 4232885.357657965,
15515155.148466032 4234466.257525815,
15515010.334190903 4236053.422559883,
15514920.722444154 4237644.923599593,
15514886.446245812 4239238.8245492065,
15514907.571356256 4240833.18472015,
15514984.09607937 4242426.06118702,
15515115.951147387 4244015.511154493,
15515302.99968824 4245599.594332265,
15515545.03727591 4247176.375315116,
15515841.792064363 4248743.925965138,
15516192.92500547 4250300.3277931595,
15516598.030151187 4251843.674336305,
15517056.635040183 4253372.073528632,
15517568.201169029 4254883.650061749,
15518132.124547822 4256376.547732264,
15518747.736340154 4257848.931772946,
15519414.303587085 4259298.991164436,
15520131.030014742 4260724.940924288,
15520897.056924963 4262125.024370231,
15521711.464168327 4263497.515354383,
15522573.271198805 4264840.720465329,
15523481.438209018 4266152.981194871,
15524434.867345134 4267432.676066226,
15525432.404000087 4268678.222720713,
15526472.838183926 4269888.079959688,
15527554.90596969 4271060.74973875,
15528677.291013286 4272194.779111192,
15529838.626145644 4273288.76211775,
15531037.495035244 4274341.341619733,
15532272.433919072 4275351.211072687
)
,
LINESTRING(
15550809.511408323 4307389.442247662,
15553187.26586082 4307684.539768695,
15555573.92688269 4307895.590665927,
15557966.532116376 4308022.3280607965,
15560362.111406885 4308064.591676017,
15562757.690697396 4308022.3280607965,
15565150.295931082 4307895.590665927,
15567536.956952952 4307684.539768695,
15569914.711405449 4307389.442247662,
15572280.608611697 4307010.671207834,
15574631.713440167 4306548.705456901,
15576965.110144677 4306004.128833559,
15579277.906173704 4305377.629389215,
15581567.23594298 4304669.99842463,
15583830.264565552 4303882.129383391,
15586064.191533493 4303015.016604253,
15588266.254345601 4302069.753934776,
15590433.732075619 4301047.533208859,
15592563.948875556 4299949.642591024,
15594654.277408874 4298777.464790579,
15596702.142208569 4297532.475148966,
15598705.022955202 4296216.23960379,
15600660.457670217 4294830.412533366,
15602566.045820128 4293376.734485593,
15604419.451327186 4291857.029795347,
15606218.405482594 4290273.204094595,
15607960.709758313 4288627.241719743,
15609644.238513965 4286921.203020663,
15611266.941595333 4285157.221576184,
15612826.846821385 4283337.501320767,
15614322.06235694 4281464.313587361,
15615750.778968183 4279539.994071292,
15617111.272158768 4277566.939720361,
15618401.904184166 4275547.605556212,
15619621.125942444 4273484.50143209,
15620767.478739671 4271380.188732288,
15621839.595928567 4269237.27701839,
15622836.204419091 4267058.420627578,
15623756.126060048 4264846.315228239,
15624598.278890869 4262603.694338029,
15625361.678263083 4260333.325809605,
15626045.437831135 4258038.008289154,
15626648.770412412 4255720.5676528,
15627170.988716634 4253383.8534259545,
15627611.505944824 4251030.735190556,
15627969.836258447 4248664.098985096,
15628245.595119305 4246286.843702281,
15628438.499501096 4243901.8774890285,
15628548.367973665 4241512.114153436,
15628575.120661126 4239120.469583304,
15628518.779075205 4236729.858180524,
15628379.465825314 4234343.189315825,
15628157.404206965 4231963.36380792,
15627852.91767035 4229593.27043123,
15627466.429170895 4227235.78245612,
15626998.460403893 4224893.754225477,
15626449.630925212 4222570.017771393,
15625820.657160416 4220267.37947547,
15625112.351304514 4217988.616776253,
15624325.620114766 4215736.474927127,
15623461.463598987 4213513.663807827,
15622520.97360193 4211322.8547927085,
15621505.332292268 4209166.67767865,
15620415.810552932 4207047.717675469,
15619253.766277399 4204968.512461496,
15618020.64257475 4202931.549306902,
15616717.965886291 4200939.26226724,
15615347.344016487 4198994.0294494955,
15613910.464081114 4197098.170352853,
15612409.09037547 4195253.94328636,
15610845.062165588 4193463.5428653564,
15609220.291405223 4191729.0975886188,
15607536.760381695 4190052.6674979925,
15605796.519293359 4188436.241922137,
15604001.683761729 4186881.737306019,
15602154.432281138 4185390.995127543,
15600257.003608817 4183965.7799027865,
15598311.694098428 4182607.7772810683,
15596320.854979843 4181318.592231117,
15594286.889588153 4180099.7473193393,
15592212.250544801 4178952.681081435,
15590099.43689368 4177878.746488081,
15587950.991195165 4176879.209505762,
15585769.496580865 4175955.2477535,
15583557.573772 4175107.9492561854,
15581317.878064258 4174338.3112952705,
15579053.096281957 4173647.2393574,
15576765.943704326 4173035.5461815656,
15574459.16096677 4172503.9509052094,
15572135.510939866 4172053.0783098396,
15569797.775588946 4171683.4581664074,
15567448.752817042 4171395.524680909,
15565091.253293952 4171189.616040346,
15562728.097274229 4171065.974059405,
15560362.111406885 4171024.7439279393,
15557996.125539543 4171065.974059405,
15555632.969519818 4171189.616040346,
15553275.469996726 4171395.524680909,
15550926.447224826 4171683.4581664074,
15548588.711873906 4172053.0783098396,
15546265.061847 4172503.9509052094,
15543958.279109443 4173035.5461815656,
15541671.126531813 4173647.2393574,
15539406.34474951 4174338.3112952705,
15537166.649041772 4175107.9492561854,
15534954.726232907 4175955.2477535,
15532773.231618606 4176879.209505762,
15530624.785920093 4177878.746488081,
15528511.97226897 4178952.681081435,
15526437.333225615 4180099.7473193393,
15524403.36783393 4181318.592231117
)
,
LINESTRING(
15492175.854840104 4241512.114153436,
15492285.723312676 4243901.8774890285,
15492478.627694467 4246286.843702281,
15492754.386555322 4248664.098985096,
15493112.716868948 4251030.735190556,
15493553.234097138 4253383.8534259545,
15494075.452401357 4255720.5676528,
15494678.784982637 4258038.008289154,
15495362.544550689 4260333.325809605,
15496125.943922903 4262603.694338029,
15496968.096753724 4264846.315228239,
15497888.018394677 4267058.420627578,
15498884.626885206 4269237.27701839,
15499956.7440741 4271380.188732288,
15501103.096871328 4273484.50143209,
15502322.318629606 4275547.605556212,
15503612.950655004 4277566.939720361,
15504973.443845589 4279539.994071292,
15506402.16045683 4281464.313587361,
15507897.375992388 4283337.501320767,
15509457.28121844 4285157.221576184,
15511079.984299807 4286921.203020663,
15512763.513055459 4288627.241719743,
15514505.817331178 4290273.204094595,
15516304.771486584 4291857.029795347,
15518158.176993642 4293376.734485593
)
,
LINESTRING(
15507395.752152056 4179957.6752606845,
15505365.702684281 4181840.6825399892,
15503401.618791226 4183793.6842881297,
15501505.89194326 4185814.3731931,
15499680.835314864 4187900.3594570486,
15497928.68095869 4190049.173364819,
15496251.577055033 4192258.2679505926,
15494651.58524008 4194525.021760993,
15493130.678016342 4196846.741712833,
15491690.736248687 4199220.666043696,
15490333.546749366 4201643.967353207
)
,
LINESTRING(
15578947.022412399 4326789.799601868,
15581985.737769322 4326079.236948735,
15584997.474093659 4325261.808616545,
15587978.480776828 4324338.5583499875,
15590925.048266787 4323310.664441677,
15593833.51297744 4322179.438021443,
15596700.262120903 4320946.321156599,
15599521.738454793 4319612.884767167,
15602294.444937054 4318180.826360388,
15605014.949280905 4316651.967589167,
15607679.888403002 4315028.25163948
)
,
LINESTRING(
15503997.201666815 4311413.3095188495,
15506539.759269636 4313358.015322249,
15509149.23042819 4315212.115638585,
15511822.403886734 4316973.25807013,
15514555.9842241 4318639.205912506,
15517346.596052911 4320207.841343045,
15520190.78834936 4321677.168450371,
15523085.038907204 4323045.31609925,
15526025.758909423 4324310.540624804,
15529009.297610532 4325471.228350592,
15532031.947122248 4326525.897925346,
15535089.947295027 4327473.202473468,
15538179.49068761 4328311.9315547915,
15541296.727616517 4329041.012929502,
15544437.77127721 4329659.514124404,
15547598.702928428 4330166.643797261,
15550775.57713097 4330561.752896235,
15553964.427032165 4330844.3356119525,
15557161.26968701 4331014.030120167,
15560362.111406885 4331070.619113357,
15563562.953126762 4331014.030120167,
15566759.795781607 4330844.3356119525,
15569948.6456828 4330561.752896235,
15573125.51988534 4330166.643797261,
15576286.451536559 4329659.514124404,
15579427.495197255 4329041.012929502
)
,
LINESTRING(
15539279.649859982 4139231.0302775768,
15535829.230771145 4140023.720811336,
15532407.91087161 4140935.8945454746,
15529019.756253544 4141966.4978851867,
15525668.796765646 4143114.3398415516,
15522359.0215646 4144378.093187619,
15519094.374695702 4145756.295749938,
15515878.750706056 4147247.3518353375,
15512715.990293808 4148849.533792697,
15509609.875996836 4150560.9837094243,
15506564.127924507 4152379.7152423044,
15503582.39953609 4154303.6155822813,
15500668.273469418 4156330.4475528114,
15497825.257423602 4158457.8518411913,
15495056.780099532 4160683.349362293,
15492366.187202014 4163004.343754084
)
,
LINESTRING(
15470412.964953551 4190817.208528484,
15468772.395722609 4193986.6539225047,
15467242.032216817 4197212.37635551,
15465823.812838994 4200490.540075643,
15464519.545806043 4203817.240202765,
15463330.906580081 4207188.507043751,
15462259.435430713 4210600.310511781,
15461306.53513309 4214048.564646377,
15460473.468806425 4217529.132230758,
15459761.357897505 4221037.829502766,
15459171.180313764 4224570.430955422,
15458703.768710427 4228122.674222959,
15458359.808936223 4231690.265047813,
15458139.838641925 4235268.882323927,
15458044.246056063 4238854.183211425,
15458073.268931985 4242441.8083173465,
15458226.993670223 4246027.386937055,
15458505.35462012 4249606.54235051,
15458908.133564418 4253174.897167419,
15459434.959390339 4256728.078714974,
15460085.307950538 4260261.724461662,
15460858.502117058 4263771.487470363,
15461753.712031132 4267253.041873701,
15462769.955551524 4270702.088364348,
15463906.098903753 4274114.359692836,
15465160.857532287 4277485.626165095,
15466532.797157424 4280811.701131808,
15468020.335038353 4284088.446461448,
15469621.741443424 4287311.777988694,
15471335.141328393 4290477.670929692,
15473158.51622294 4293582.165255608,
15475089.706325453 4296621.371015657,
15477126.412805561 4299591.473600769,
15479266.200313555 4302488.738938877,
15481506.49969542 4305309.5186129315,
15483844.610911598 4308050.254892409,
15486277.70615739 4310707.485669393,
15488802.833182225 4313277.849290045,
15491416.918804692 4315758.089272521,
15494116.772619681 4318145.058902311,
15496899.090893606 4320435.725696139
)
,
LINESTRING(
15446704.501379555 4242728.042369939,
15446770.529627124 4244720.744320946,
15446871.200577976 4246712.34190091,
15447006.502339795 4248702.226925844,
15447176.412420126 4250689.791076837,
15447380.897710172 4252674.4260868365,
15447619.914471945 4254655.5239282185,
15447893.408328623 4256632.477001134,
15448201.314258285 4258604.67832249,
15448543.55659101 4260571.521715563,
15448920.049009314 4262532.402000193,
15449330.694552062 4264486.71518345,
15449775.385621771 4266433.858650744,
15450254.003995445 4268373.231357305,
15450766.42083883 4270304.234019976,
15451312.496724255 4272226.269309219,
15451892.08165198 4274138.742041336,
15452505.01507511 4276041.059370762,
15453151.125928102 4277932.630982382,
15453830.232658863 4279812.869283859,
15454542.143264493 4281681.189597791,
15455286.655330619 4283537.010353747,
15456063.556074413 4285379.753280005,
15456872.622391274 4287208.843594979,
15457713.620905133 4289023.710198238,
15458586.308022523 4290823.785861057,
15459490.429990249 4292608.507416379,
15460425.72295681 4294377.315948183,
15461391.913037518 4296129.6569801085,
15462388.716383265 4297864.980663285,
15463415.839253072 4299582.741963336,
15464472.978090262 4301282.400846346,
15465559.819602378 4302963.422463886,
15466676.040844755 4304625.277336869,
15467821.309307817 4306267.441538198,
15468995.283007998 4307889.396874198,
15470197.610582363 4309490.631064628,
15471427.931386856 4311070.637921264,
15472685.875598175 4312628.917524991,
15473971.064319285 4314164.976401219,
15475283.109688506 4315678.327693688,
15476621.614992151 4317168.491336422,
15477986.174780771 4318634.9942238815,
15479376.374988845 4320077.370379156,
15480791.793058023 4321495.161120118,
15482231.998063784 4322887.915223501,
15483696.550845554 4324255.189086781,
15485185.004140185 4325596.546887771,
15486696.902718805 4326911.560741901,
15488231.783526972 4328199.810857032,
15489789.175828118 4329460.885685803,
15491368.601350166 4330694.382075348,
15492969.574435407 4331899.905414371,
15494591.602193423 4333077.0697774645,
15496234.184657147 4334225.498066643,
15497896.814941922 4335344.822149924,
15499578.97940753 4336434.68299697,
15501280.15782316 4337494.7308117,
15502999.823535187 4338524.625161763,
15504737.443637773 4339524.035104834,
15506492.479146175 4340492.639311645,
15508264.385172732 4341430.126185706,
15510052.61110544 4342336.193979631,
15511856.600789037 4343210.550908002,
15513675.79270855 4344052.915256712,
15515509.620175224 4344863.015488743,
15517357.511514746 4345640.590346282,
15519218.890257705 4346385.3889491595,
15521093.175332168 4347097.170889503,
15522979.781258373 4347775.706322622,
15524878.118345348 4348420.776053981,
15526787.59288948 4349032.171622306,
15528707.607374867 4349609.695378701,
15530637.560675403 4350153.160561754,
15532576.848258523 4350662.391368622,
15534524.862390453 4351137.223021984,
15536480.992342979 4351577.50183289,
15538444.624601537 4351983.085259445,
15540415.143074598 4352353.841961239,
15542391.929304222 4352689.651849604,
15544374.362677706 4352990.406133573,
15546361.820640238 4353256.007361536,
15548353.678908404 4353486.369458603,
15550349.31168453 4353681.417759588,
15552348.091871692 4353841.089037696,
15554349.39128935 4353965.331528751,
15556352.580889467 4354054.104951106,
15558357.030973032 4354107.380521085,
15560362.111406885 4354125.140964058,
15562367.191840736 4354107.380521085,
15564371.641924301 4354054.104951106,
15566374.831524419 4353965.331528751,
15568376.130942078 4353841.089037696,
15570374.911129242 4353681.417759588,
15572370.543905364 4353486.369458603,
15574362.402173534 4353256.007361536,
15576349.860136066 4352990.406133573,
15578332.29350955 4352689.651849604,
15580309.079739172 4352353.841961239,
15582279.598212231 4351983.085259445,
15584243.230470793 4351577.50183289,
15586199.360423319 4351137.223021984,
15588147.374555249 4350662.391368622,
15590086.662138369 4350153.160561754,
15592016.615438905 4349609.695378701,
15593936.629924292 4349032.171622306,
15595846.104468422 4348420.776053981,
15597744.4415554 4347775.706322622,
15599631.0474816 4347097.170889503,
15601505.332556063 4346385.3889491595,
15603366.711299023 4345640.590346282,
15605214.602638548 4344863.015488743,
15607048.430105222 4344052.915256712,
15608867.622024735 4343210.550908002,
15610671.611708328 4342336.193979631,
15612459.83764104 4341430.126185706,
15614231.743667597 4340492.639311645,
15615986.779175999 4339524.035104834,
15617724.399278581 4338524.625161763,
15619444.064990608 4337494.7308117,
15621145.243406242 4336434.68299697,
15622827.40787185 4335344.822149924,
15624490.038156625 4334225.498066643,
15626132.62062035 4333077.0697774645,
15627754.648378361 4331899.905414371,
15629355.621463604 4330694.382075348,
15630935.046985654 4329460.885685803,
15632492.439286796 4328199.810857032,
15634027.320094967 4326911.560741901,
15635539.218673587 4325596.546887771,
15637027.671968216 4324255.189086781,
15638492.224749988 4322887.915223501,
15639932.42975575 4321495.161120118,
15641347.847824924 4320077.370379156,
15642738.048033 4318634.9942238815,
15644102.60782162 4317168.491336422,
15645441.113125265 4315678.327693688,
15646753.158494484 4314164.976401219,
15648038.347215597 4312628.917524991,
15649296.291426916 4311070.637921264,
15650526.612231407 4309490.631064628,
15651728.939805774 4307889.396874198,
15652902.913505955 4306267.441538198,
15654048.181969013 4304625.277336869,
15655164.40321139 4302963.422463886,
15656251.244723506 4301282.400846346,
15657308.3835607 4299582.741963336,
15658335.506430507 4297864.980663285,
15659332.309776254 4296129.6569801085,
15660298.499856958 4294377.315948183,
15661233.792823521 4292608.507416379,
15662137.914791249 4290823.785861057,
15663010.601908635 4289023.710198238,
15663851.600422498 4287208.843594979,
15664660.666739356 4285379.753280005,
15665437.567483151 4283537.010353747,
15666182.079549279 4281681.189597791,
15666893.990154907 4279812.869283859,
15667573.09688567 4277932.630982382,
15668219.20773866 4276041.059370762,
15668832.14116179 4274138.742041336,
15669411.726089517 4272226.269309219,
15669957.80197494 4270304.234019976,
15670470.218818326 4268373.231357305,
15670948.837191997 4266433.858650744,
15671393.52826171 4264486.71518345,
15671804.173804458 4262532.402000193,
15672180.666222759 4260571.521715563,
15672522.908555483 4258604.67832249,
15672830.814485148 4256632.477001134,
15673104.308341827 4254655.5239282185,
15673343.325103598 4252674.4260868365,
15673547.810393646 4250689.791076837,
15673717.720473973 4248702.226925844,
15673853.022235794 4246712.34190091,
15673953.693186648 4244720.744320946,
15674019.721434217 4242728.042369939,
15674051.105666947 4240734.843910991,
15674047.855131466 4238741.756301292,
15674009.98960681 4236749.386208058,
15673937.539375573 4234758.339425407,
15673830.545191934 4232769.220692394,
15673689.05824664 4230782.633512077,
15673513.140128987 4228799.179971773,
15673302.862785803 4226819.460564489,
15673058.308477523 4224844.074011655,
15672779.56973133 4222873.617087067,
15672466.749291476 4220908.684442254,
15672119.960066749 4218949.868433135,
15671739.32507519 4216997.758948172,
15671324.97738605 4215052.943237921,
15670877.060059076 4213116.005746092,
15670395.726081112 4211187.527942161,
15669881.138300098 4209268.088155523,
15669333.46935652 4207358.26141126,
15668752.901612287 4205458.619267531,
15668139.627077136 4203569.729654643,
15667493.847332623 4201692.156715816,
15666815.773453647 4199826.4606496515,
15666105.625927662 4197973.197554412,
15665363.634571541 4196132.919274018,
15664590.038446171 4194306.1732459,
15663785.085768815 4192493.5023506815,
15662949.03382326 4190695.444763708,
15662082.148867829 4188912.5338084735,
15661184.70604128 4187145.29781196,
15660256.989266623 4185394.259961884,
15659299.291152917 4183659.938165918,
15658311.912895069 4181942.844912868,
15657295.16417171 4180243.4871358513,
15656249.363041136 4178562.366077467,
15655174.83583538 4176899.9771570107,
15654071.917052504 4175256.809839717,
15652940.949247047 4173633.34750806,
15651782.282918757 4172030.0673351423,
15650596.276399631 4170447.4401601427,
15649383.29573925 4168885.9303659,
15648143.714588499 4167345.9957585796,
15646877.914081722 4165828.087449479,
15645586.282717293 4164332.6497389697,
15644269.21623668 4162860.120002588,
15642927.117502041 4161410.9285792834,
15641560.396372374 4159985.498661827,
15640169.469578268 4158584.2461894024,
15638754.760595273 4157207.579742402,
15637316.699515969 4155855.9004393676,
15635855.7229207 4154529.601836188,
15634372.273747087 4153229.0698274607,
15632866.801158294 4151954.682550102,
15631339.760410117 4150706.8102891436,
15629791.612716889 4149485.8153857975,
15628222.825116305 4148292.052147696,
15626633.870333135 4147125.866761434,
15625025.226641873 4145987.597207295,
15623397.37772838 4144877.573176259,
15621750.812550545 4143796.1159892376,
15620086.025197955 4142743.538518585,
15618403.51475067 4141720.1451118225,
15616703.785137089 4140726.2315176795,
15614987.34499096 4139762.084814354,
15613254.707507534 4138827.9833400333,
15611506.39029896 4137924.1966257207,
15609742.91524886 4137050.9853302822,
15607964.808366189 4136208.601177812,
15606172.59963838 4135397.2868972053,
15604366.822883798 4134617.2761640744,
15602548.015603514 4133868.7935448894,
15600716.718832519 4133152.054443412,
15598873.476990268 4132467.265049407,
15597018.837730689 4131814.6222896217,
15595153.351791652 4131194.3137810417,
15593277.572843892 4130606.5177864535,
15591392.05733948 4130051.4031722276,
15589497.364359826 4129529.1293684444,
15587594.055463208 4129039.8463312644,
15585682.694531953 4128583.6945075723,
15583763.847619196 4128160.804801926,
15581838.082795296 4127771.2985457634,
15579905.969993921 4127415.287468904,
15577968.080857838 4127092.873673327,
15576024.988584403 4126804.149609214,
15574077.267770842 4126549.198053309,
15572125.494259257 4126328.092089512,
15570170.244981455 4126140.895091789,
15568212.097803615 4125987.66070936,
15566251.631370775 4125868.432854125,
15564289.42495122 4125783.2456904384,
15562326.058280751 4125732.123627106,
15560362.111406885 4125715.081311696,
15558398.16453302 4125732.123627106,
15556434.797862552 4125783.2456904384,
15554472.591442997 4125868.432854125,
15552512.125010157 4125987.66070936,
15550553.977832317 4126140.895091789,
15548598.728554515 4126328.092089512,
15546646.95504293 4126549.198053309,
15544699.234229365 4126804.149609214,
15542756.141955934 4127092.873673327,
15540818.25281985 4127415.287468904,
15538886.140018476 4127771.2985457634,
15536960.375194576 4128160.804801926,
15535041.52828182 4128583.6945075723,
15533130.167350562 4129039.8463312644,
15531226.858453946 4129529.1293684444,
15529332.165474288 4130051.4031722276,
15527446.64996988 4130606.5177864535,
15525570.871022118 4131194.3137810417,
15523705.38508308 4131814.6222896217,
15521850.745823504 4132467.265049407,
15520007.503981253 4133152.054443412,
15518176.207210258 4133868.7935448894,
15516357.399929974 4134617.2761640744,
15514551.623175392 4135397.2868972053,
15512759.414447581 4136208.601177812,
15510981.307564912 4137050.9853302822,
15509217.832514811 4137924.1966257207,
15507469.515306234 4138827.9833400333,
15505736.877822813 4139762.084814354,
15504020.43767668 4140726.2315176795,
15502320.708063101 4141720.1451118225,
15500638.197615813 4142743.538518585,
15498973.410263227 4143796.1159892376,
15497326.845085392 4144877.573176259,
15495698.9961719 4145987.597207295,
15494090.352480637 4147125.866761434,
15492501.397697465 4148292.052147696,
15490932.610096883 4149485.8153857975,
15489384.462403655 4150706.8102891436,
15487857.421655474 4151954.682550102,
15486351.949066686 4153229.0698274607,
15484868.499893071 4154529.601836188,
15483407.523297802 4155855.9004393676,
15481969.462218497 4157207.579742402,
15480554.7532355 4158584.2461894024,
15479163.826441398 4159985.498661827,
15477797.105311729 4161410.9285792834,
15476455.006577091 4162860.120002588,
15475137.940096479 4164332.6497389697,
15473846.308732048 4165828.087449479,
15472580.508225273 4167345.9957585796,
15471340.927074522 4168885.9303659,
15470127.946414137 4170447.4401601427,
15468941.939895011 4172030.0673351423,
15467783.273566725 4173633.34750806,
15466652.305761265 4175256.809839717,
15465549.386978388 4176899.9771570107,
15464474.859772636 4178562.366077467,
15463429.058642058 4180243.4871358513,
15462412.309918704 4181942.844912868,
15461424.931660855 4183659.938165918,
15460467.23354715 4185394.259961884
)
,
LINESTRING(
15423965.254138442 4243264.999668179,
15424039.553308118 4245656.523455026,
15424155.433323553 4248046.894441414,
15424312.88594839 4250435.382524461,
15424511.89022065 4252821.257227744,
15424752.412425887 4255203.7879253905,
15425034.40607425 4257582.244067274,
15425357.81188147 4259955.895405496,
15425722.55775387 4262324.012221811,
15426128.558777375 4264685.865556174,
15426575.71721062 4267040.727436148,
15427063.922482196 4269387.871107228,
15427593.05119204 4271726.571263938,
15428162.967117054 4274056.104281606,
15428773.521220965 4276375.748448858,
15429424.551668493 4278684.784200547,
15430115.883843796 4280982.4943512855,
15430847.330373356 4283268.164329237,
15431618.691153182 4285541.082410311,
15432429.753380477 4287800.539952514,
15433280.291589782 4290045.831630429,
15434170.067693563 4292276.255669763,
15435098.831027351 4294491.114081798,
15436066.31839939 4296689.712897729,
15437072.254144864 4298871.362402701,
15438116.350184709 4301035.377369574,
15439198.306088999 4303181.077292185,
15440317.80914497 4305307.786618118,
15441474.534429664 4307414.834980793,
15442668.144887215 4309501.557430853,
15443898.291410781 4311567.294666692,
15445164.612929134 4313611.393264024,
15446466.736497903 4315633.205904416,
15447804.277395472 4317632.09160268,
15449176.839223562 4319607.415932956,
15450584.01401243 4321558.551253487,
15452025.382330734 4323484.876929857,
15453500.513400037 4325385.779556689,
15455008.965213919 4327260.653177627,
15456550.28466171 4329108.899503529,
15458124.007656822 4330929.928128732,
15459729.659269594 4332723.1567453025,
15461366.753864778 4334488.011355162,
15463034.795243407 4336223.926479963,
15464733.276789302 4337930.345368625,
15466461.681619877 4339606.7202023845,
15468219.482741471 4341252.512297299,
15470006.143208995 4342867.192304073,
15471821.116289932 4344450.240405066,
15473663.845632602 4346001.146508442,
15475533.76543868 4347519.410439292,
15477430.30063989 4349004.542127644,
15479352.867078822 4350456.061793276,
15481300.871693805 4351873.500127181,
15483273.71270782 4353256.398469638,
15485270.779821312 4354604.3089847285,
15487291.454408906 4355916.7948312275,
15489335.109719891 4357193.430329779,
15491401.111082476 4358433.801126246,
15493488.816111654 4359637.5043511,
15495597.574920649 4360804.148774833,
15497726.730335863 4361933.354959247,
15499875.618115198 4363024.755404501,
15502043.567169724 4364077.994691932,
15504229.899788527 4365092.729622425,
15506433.931866704 4366068.629350364,
15508654.9731364 4367005.375513013,
15510892.327400763 4367902.662355274,
15513145.292770695 4368760.196849721,
15515413.161904396 4369577.698811888,
15517695.222249456 4370354.901010652,
15519990.75628751 4371091.549273739,
15522299.041781226 4371787.402588195,
15524619.352023667 4372442.233195838,
15526950.95608971 4373055.82668355,
15529293.119089633 4373627.982068448,
15531645.102424528 4374158.511877771,
15534006.164043598 4374647.242223504,
15536375.558703106 4375094.012871702,
15538752.538226912 4375498.6773063885,
15541136.351768417 4375861.102788054,
15543526.246073866 4376181.170406728,
15545921.465746788 4376458.775129525,
15548321.253513522 4376693.825842673,
15550724.850489657 4376886.245388013,
15553131.496447284 4377035.970593922,
15555540.430082876 4377142.952300611,
15557950.889285753 4377207.15537986,
15560362.111406885 4377228.5587490965,
15562773.33352802 4377207.15537986,
15565183.792730896 4377142.952300611,
15567592.726366488 4377035.970593922,
15569999.372324113 4376886.245388013,
15572402.96930025 4376693.825842673,
15574802.757066984 4376458.775129525,
15577197.976739902 4376181.170406728,
15579587.871045353 4375861.102788054,
15581971.68458686 4375498.6773063885,
15584348.664110666 4375094.012871702,
15586718.058770174 4374647.242223504,
15589079.12038924 4374158.511877771,
15591431.103724139 4373627.982068448,
15593773.266724057 4373055.82668355,
15596104.870790103 4372442.233195838,
15598425.181032542 4371787.402588195,
15600733.466526262 4371091.549273739,
15603029.000564313 4370354.901010652,
15605311.060909376 4369577.698811888,
15607578.930043075 4368760.196849721,
15609831.89541301 4367902.662355274,
15612069.249677371 4367005.375513013,
15614290.290947068 4366068.629350364,
15616494.323025245 4365092.729622425,
15618680.655644048 4364077.994691932,
15620848.60469857 4363024.755404501,
15622997.492477909 4361933.354959247,
15625126.647893123 4360804.148774833,
15627235.406702118 4359637.5043511,
15629323.111731295 4358433.801126246,
15631389.113093881 4357193.430329779,
15633432.768404866 4355916.7948312275
)
,
LINESTRING(
15639593.179580184 4365665.622024124,
15641783.368050402 4364241.228498097,
15643947.890903844 4362778.421099227,
15646086.076748379 4361277.676360671,
15648197.263332138 4359739.482765385,
15650280.797757778 4358164.340556464,
15652336.036692407 4356552.761543558,
15654362.34657309 4354905.268905392,
15656359.103807753 4353222.396988607,
15658325.69497163 4351504.691102937,
15660261.516998976 4349752.707312943,
15662165.977370093 4347967.012226354,
15664038.49429364 4346148.182779144,
15665878.496884076 4344296.806017539,
15667685.425334284 4342413.478876965,
15669458.731083255 4340498.807958152,
15671197.876978846 4338553.409300484,
15672902.337435544 4336577.908152723,
15674571.598587219 4334572.93874121,
15676205.1584348 4332539.144035723,
15677802.52698891 4330477.175513066,
15679363.226407368 4328387.692918531,
15680886.79112756 4326271.364025358,
15682372.767993733 4324128.864392316,
15683820.716379043 4321960.87711954,
15685230.20830251 4319768.092602724,
15686600.828540783 4317551.208285803,
15687932.174734704 4315310.928412253,
15689223.857490746 4313047.963775129,
15690475.500477228 4310763.031465949,
15691686.740515413 4308456.8546225205,
15692857.227665389 4306130.162175915,
15693986.62530686 4303783.688596573,
15695074.610214783 4301418.173639798,
15696120.872629853 4299034.36209061,
15697125.116323978 4296633.003508209,
15698087.05866057 4294214.851970031,
15699006.430649893 4291780.665815606,
15699882.976999328 4289331.207390263,
15700716.456158644 4286867.242788816,
15701506.640360354 4284389.541599329,
15702253.315655103 4281898.876647041,
15702956.281942178 4279396.023738586,
15703615.352995198 4276881.761406582,
15704230.356482942 4274356.870654705,
15704801.133985449 4271822.13470327,
15705327.541005382 4269278.338735567,
15705809.446974702 4266726.269644853,
15706246.735256752 4264166.715782207,
15706639.303143686 4261600.46670534,
15706987.061849466 4259028.312928349,
15707289.93649827 4256451.045672598,
15707547.86610857 4253869.45661874,
15707760.80357278 4251284.33765999,
15707928.715632603 4248696.480656718,
15708051.582850127 4246106.677192405,
15708129.399574691 4243515.718331102,
15708162.173905654 4240924.394376355,
15708149.92765103 4238333.494631797,
15708092.696282111 4235743.807163329,
15707990.528884161 4233156.118563073,
15707843.488103142 4230571.213715067,
15707651.65008866 4227989.875562839,
15707415.104433075 4225412.884878818,
15707133.954106951 4222841.020035749,
15706808.315390812 4220275.056780089,
15706438.317803299 4217715.768007422,
15706024.104025843 4215163.923540009,
15705565.829823827 4212620.289906483,
15705063.66396438 4210085.630123683,
15704517.788130803 4207560.703480776,
15703928.396833753 4205046.26532561,
15703295.6973192 4202543.066853364,
15702619.90947322 4200051.854897607,
15701901.265723743 4197573.371723635,
15701140.010939248 4195108.354824311,
15700336.402324498 4192657.536718293,
15699490.709313411 4190221.6447507413,
15698603.213459067 4187801.400896557,
15697674.208320944 4185397.521566092,
15696703.99934946 4183010.7174134636,
15695692.903767847 4180641.6931474134,
15694641.250451442 4178291.1473447643,
15693549.379804451 4175959.772266496,
15692417.643634235 4173648.2536764727,
15691246.405023182 4171357.2706627958,
15690036.038198229 4169087.495461853,
15688786.928398078 4166839.5932850284,
15687499.471738182 4164614.2221481362,
15686174.075073555 4162412.0327035394,
15684811.155859398 4160233.668075032,
15683411.142009733 4158079.763695403,
15681974.471753946 4155950.9471467906,
15680501.593491394 4153847.838003769,
15678992.965644093 4151771.047679196,
15677449.05650755 4149721.1792728202,
15675870.34409974 4147698.8274227064,
15674257.316008383 4145704.5781593435,
15672610.469236476 4143739.0087626693,
15670930.310046123 4141802.687621735,
15669217.353800837 4139896.1740972986,
15667472.124806177 4138020.018387086,
15665695.156148931 4136174.7613939326,
15663886.98953478 4134360.934596681,
15662048.175124552 4132579.059923867,
15660179.27136907 4130829.649630227,
15658280.844842654 4129113.206175963,
15656353.47007534 4127430.222108824,
15654397.729383808 4125781.1799489753,
15652414.212701114 4124166.552076644,
15650403.517405214 4122586.8006225573,
15648366.248146368 4121042.3773611635,
15646303.016673427 4119533.7236066284,
15644214.441659065 4118061.2701116237,
15642101.148523973 4116625.4369688467,
15639963.76926007 4115226.6335153873,
15637802.942252738 4113865.2582397526,
15635619.312102169 4112541.698691751,
15633413.529443791 4111256.3313950803,
15631186.250767885 4110009.521762679,
15628938.13823832 4108801.6240148256,
15626669.85951056 4107632.9810999786,
15624382.08754889 4106503.924618362,
15622075.500442922 4105414.7747482797,
15619750.78122341 4104365.840175156,
15617408.617677404 4103357.4180232994,
15615049.702162754 4102389.793790402,
15612674.731422067 4101463.2412847197,
15610284.40639601 4100578.0225650123,
15607879.432036141 4099734.3878831374,
15605460.517117169 4098932.575629374,
15603028.374048755 4098172.812280455,
15600583.71868685 4097455.3123502606,
15598127.270144582 4096780.2783432114,
15595659.750602728 4096147.9007103774,
15593181.885119831 4095558.357808215,
15590694.40144193 4095011.8158600186,
15588198.029811986 4094508.4289200525,
15585693.50277895 4094048.3388403193,
15583181.555006618 4093631.6752400175,
15580662.923082167 4093258.555477681
)
,
LINESTRING(
15482921.280561032 4113865.2582397526,
15480760.453553699 4115226.6335153873,
15478623.074289795 4116625.4369688467,
15476509.781154703 4118061.2701116237,
15474421.206140343 4119533.7236066284,
15472357.974667404 4121042.3773611635,
15470320.705408558 4122586.8006225573,
15468310.010112656 4124166.552076644,
15466326.493429964 4125781.1799489753,
15464370.752738433 4127430.222108824,
15462443.377971118 4129113.206175963,
15460544.951444702 4130829.649630227,
15458676.04768922 4132579.059923867,
15456837.233278988 4134360.934596681,
15455029.066664841 4136174.7613939326,
15453252.098007595 4138020.018387086,
15451506.869012935 4139896.1740972986,
15449793.912767647 4141802.687621735,
15448113.753577296 4143739.0087626693,
15446466.906805385 4145704.5781593435,
15444853.87871403 4147698.8274227064,
15443275.166306222 4149721.1792728202,
15441731.257169675 4151771.047679196,
15440222.629322378 4153847.838003769,
15438749.751059826 4155950.9471467906,
15437313.080804037 4158079.763695403,
15435913.066954372 4160233.668075032,
15434550.147740217 4162412.0327035394,
15433224.751075586 4164614.2221481362,
15431937.294415694 4166839.5932850284,
15430688.184615543 4169087.495461853
)
,
LINESTRING(
15593935.368356263 4396784.385240264,
15596684.781045087 4396162.848631922,
15599422.640472276 4395492.558057461,
15602148.078178955 4394773.73586005,
15604860.230172684 4394006.620386945,
15607558.237234354 4393191.465890804,
15610241.245222548 4392328.5424245335,
15612908.405375304 4391418.135729804,
15615558.874609074 4390460.547119276,
15618191.815814804 4389456.093352632,
15620806.398150899 4388405.106506504,
15623401.797332993 4387307.9338383535,
15625977.195920406 4386164.937644463,
15628531.783599077 4384976.495112038,
15631064.757460922 4383742.998165652,
15633575.322279423 4382464.853307996,
15636062.690781392 4381142.48145514,
15638526.08391471 4379776.317766375,
15640964.731112024 4378366.81146877,
15643377.870550161 4376914.42567654,
15645764.749405291 4375419.637205322
)
,
LINESTRING(
15598812.180084988 4419455.46658868,
15601960.612743588 4418742.156762803,
15605095.730224732 4417972.908218627,
15608216.532184437 4417147.979288406,
15611322.023546863 4416267.646876536,
15614411.214865344 4415332.20634021,
15617483.122680306 4414341.971362354,
15620536.769873913 4413297.273816929,
15623571.18602125 4412198.463626682,
15626585.407737814 4411045.908613457,
15629578.479023188 4409839.994341193,
15632549.451600738 4408581.123951722,
15635497.385253098 4407269.717993448,
15638421.348153315 4405906.214243127,
15641320.41719153 4404491.067520744,
15644193.678296959 4403024.749497765,
15647040.226755109 4401507.748498776,
15649859.16752 4399940.5692967605,
15652649.615521323 4398323.732902053,
15655410.695966357 4396657.776345215,
15658141.544636525 4394943.252453932,
15660841.308178445 4393180.729624113,
15663509.144389397 4391370.791585311,
15666144.222497065 4389514.037160678,
15668745.723433414 4387611.080021589,
15671312.840102669 4385662.548437106,
15673844.77764322 4383669.085018446,
15676340.753683422 4381631.346458635,
15678799.998591159 4379550.00326751,
15681221.75571712 4377425.739502247,
15683605.281631675 4375259.2524935845,
15685949.84635533 4373051.252567917,
15688254.733582646 4370802.462765459,
15690519.240899574 4368513.618554602,
15692742.679994198 4366185.467542718,
15694924.376860745 4363818.769183503,
15697063.67199692 4361414.29448111,
15699159.920594456 4358972.825691219,
15701212.492722869 4356495.156019205,
15703220.773506396 4353982.0893156035,
15705184.163294083 4351434.4397690585,
15707102.077823035 4348853.031596899,
15708973.948374746 4346238.698733535,
15710799.221924592 4343592.284516842,
15712577.36128443 4340914.641372729,
15714307.84523828 4338206.630498003,
15715990.16867119 4335469.1215417655,
15717623.842691218 4332702.992285469,
15719208.394744528 4329909.128321796,
15720743.36872373 4327088.4227325525,
15722228.325069357 4324241.775765688,
15723662.840864623 4321370.0945117,
15725046.509923404 4318474.292579401,
15726378.942871533 4315555.28977142,
15727659.767221441 4312614.011759421,
15728888.627440177 4309651.389759254,
15730065.185010834 4306668.360206185,
15731189.11848752 4303665.864430345,
15732260.123543797 4300644.84833252,
15733277.913014758 4297606.262060447,
15734242.216932742 4294551.059685697,
15735152.782556778 4291480.198881387,
15736009.3743958 4288394.640600691,
15736811.774225725 4285295.348756402,
15737559.781100458 4282183.289901642,
15738253.21135688 4279059.432911769,
15738891.898613917 4275924.748667672,
15739475.693765758 4272780.209740549,
15740004.464969298 4269626.790078249,
15740478.09762589 4266465.464693275,
15740896.494357513 4263297.20935265,
15741259.57497736 4260123.00026957,
15741567.276455043 4256943.813797111,
15741819.552876415 4253760.62612396,
15742016.375398127 4250574.412972324,
15742157.732197035 4247386.149298086,
15742243.628414476 4244196.808993263,
15742274.086095592 4241007.364590883,
15742249.144123698 4237818.786972316,
15742168.858149884 4234632.045077198,
15742033.300517865 4231448.105615906,
15741842.560184183 4228267.9327847725,
15741596.742633916 4225092.487983997,
15741295.969791895 4221922.729538395,
15740940.379929572 4218759.612420982,
15740530.12756766 4215604.087979461,
15740065.383374546 4212457.103665719,
15739546.334060648 4209319.6027682675,
15738973.182268804 4206192.524147772,
15738346.146460725 4203076.801975674,
15737665.460799662 4199973.36547594,
15736931.375029337 4196883.138669988,
15736144.154349266 4193807.040124803,
15735304.079286514 4190745.982704304,
15734411.445564022 4187700.8733239817,
15733466.563965542 4184672.6127087814,
15732469.760197308 4181662.0951543916,
15731421.374746494 4178670.208291759,
15730321.762736583 4175697.8328550654,
15729171.29377967 4172745.842453014,
15727970.351825852 4169815.103343537,
15726719.335009726 4166906.474211896,
15725418.655494114 4164020.8059522253,
15724068.73931107 4161158.9414524874,
15722670.026200239 4158321.71538286,
15721222.9694447 4155509.9539875924,
15719728.035704274 4152724.4748802916,
15718185.704846492 4149966.0868426934,
15716596.469775133 4147235.5896268506,
15714960.836256588 4144533.7737608193,
15713279.322743963 4141861.420357791,
15711552.460199092 4139219.300928675,
15709780.791912468 4136608.1771981604,
15707964.873321176 4134028.8009242085,
15706105.27182491 4131481.9137209975,
15704202.566600118 4128968.246885332,
15702257.348412305 4126488.5212264652,
15700270.21942665 4124043.446899357,
15698241.79301687 4121633.723241351,
15696172.693572491 4119260.0386123024,
15694063.55630453 4116923.070238027,
15691915.027049659 4114623.4840572276,
15689727.762072898 4112361.934571753,
15687502.427868892 4110139.064700258,
15685239.700961823 4107955.5056351866,
15682940.267704003 4105811.876703143,
15680604.824073203 4103708.785228569,
15678234.075468777 4101646.8264007564,
15675828.736506555 4099626.583144156,
15673389.5308127 4097648.625992015,
15670917.190816365 4095713.5129632386
)
,
LINESTRING(
15378480.594399292 4244196.808993263,
15378566.490616737 4247386.149298086,
15378707.847415645 4250574.412972324,
15378904.669937357 4253760.62612396,
15379156.946358725 4256943.813797111,
15379464.647836411 4260123.00026957,
15379827.728456257 4263297.20935265,
15380246.125187881 4266465.464693275,
15380719.757844474 4269626.790078249,
15381248.529048014 4272780.209740549,
15381832.324199855 4275924.748667672,
15382471.01145689 4279059.432911769,
15383164.44171331 4282183.289901642,
15383912.448588045 4285295.348756402,
15384714.848417971 4288394.640600691,
15385571.440256992 4291480.198881387,
15386482.00588103 4294551.059685697,
15387446.309799014 4297606.262060447,
15388464.099269975 4300644.84833252,
15389535.104326252 4303665.864430345,
15390659.037802937 4306668.360206185,
15391835.595373595 4309651.389759254,
15393064.45559233 4312614.011759421,
15394345.279942239 4315555.28977142,
15395677.712890368 4318474.292579401,
15397061.38194915 4321370.0945117,
15398495.897744413 4324241.775765688,
15399980.854090042 4327088.4227325525,
15401515.828069244 4329909.128321796,
15403100.380122554 4332702.992285469,
15404734.054142581 4335469.1215417655,
15406416.377575492 4338206.630498003,
15408146.861529343 4340914.641372729,
15409925.000889178 4343592.284516842,
15411750.274439026 4346238.698733535,
15413622.144990735 4348853.031596899,
15415540.059519686 4351434.4397690585,
15417503.449307377 4353982.0893156035,
15419511.730090903 4356495.156019205,
15421564.302219316 4358972.825691219,
15423660.550816853 4361414.29448111,
15425799.845953027 4363818.769183503,
15427981.542819574 4366185.467542718,
15430204.981914196 4368513.618554602,
15432469.489231126 4370802.462765459,
15434774.37645844 4373051.252567917,
15437118.941182097 4375259.2524935845,
15439502.467096653 4377425.739502247,
15441924.224222612 4379550.00326751,
15444383.46913035 4381631.346458635,
15446879.445170552 4383669.085018446,
15449411.3827111 4385662.548437106,
15451978.499380358 4387611.080021589,
15454580.000316707 4389514.037160678,
15457215.078424372 4391370.791585311,
15459882.914635327 4393180.729624113,
15462582.678177247 4394943.252453932,
15465313.526847411 4396657.776345215,
15468074.60729245 4398323.732902053,
15470865.055293772 4399940.5692967605,
15473683.996058663 4401507.748498776,
15476530.544516813 4403024.749497765,
15479403.805622239 4404491.067520744,
15482302.874660455 4405906.214243127,
15485226.83756067 4407269.717993448,
15488174.77121303 4408581.123951722,
15491145.743790584 4409839.994341193,
15494138.815075958 4411045.908613457,
15497153.036792522 4412198.463626682,
15500187.452939857 4413297.273816929,
15503241.100133466 4414341.971362354,
15506313.007948427 4415332.20634021,
15509402.199266909 4416267.646876536,
15512507.690629333 4417147.979288406,
15515628.49258904 4417972.908218627,
15518763.610070184 4418742.156762803,
15521912.042728784 4419455.46658868
)
,
LINESTRING(
15524217.375527851 4420812.173559973,
15526892.429081012 4422627.2531922525,
15529599.508352272 4424394.787529926,
15532337.768704232 4426114.190815894,
15535106.354301436 4427784.892674322,
15537904.398396855 4429406.3383465,
15540731.02362402 4430977.988920989,
15543585.342294661 4432499.32155797,
15546466.456701769 4433969.829707546,
15549373.459427904 4435389.023321962,
15552305.433658674 4436756.429061481,
15555261.453501139 4438071.590493828,
15558240.58430713 4439334.068287056,
15561241.883001197 4440543.440395675,
15564264.398413131 4441699.302239905,
15567307.171614846 4442801.266877967,
15570369.236261444 4443848.9651712105,
15573449.618936354 4444842.04594202,
15576547.339500315 4445780.176124386,
15579661.41144402 4446663.040906919,
15582790.842244307 4447490.343868386,
15585934.633723613 4448261.807105471,
15589091.782412607 4448977.171352824,
15592261.279915694 4449636.19609519,
15595442.113279315 4450238.659671612,
15598633.265362738 4450784.359371581,
15601833.715211216 4451273.111523067,
15605042.438431252 4451704.751572401,
15608258.407567807 4452079.134155888,
15611480.592483213 4452396.133163151,
15614707.96073761 4452655.641792092,
15617939.477970634 4452857.57259551,
15621174.108284248 4453001.857519261,
15624410.81462638 4453088.447932003,
15627648.559175262 4453117.3146464275,
15630886.303724142 4453088.447932003,
15634123.010066276 4453001.857519261,
15637357.64037989 4452857.57259551,
15640589.157612916 4452655.641792092,
15643816.525867311 4452396.133163151,
15647038.710782716 4452079.134155888,
15650254.679919275 4451704.751572401,
15653463.403139306 4451273.111523067,
15656663.852987785 4450784.359371581,
15659855.00507121 4450238.659671612,
15663035.83843483 4449636.19609519,
15666205.33593792 4448977.171352824,
15669362.484626912 4448261.807105471,
15672506.276106218 4447490.343868386,
15675635.706906503 4446663.040906919,
15678749.77885021 4445780.176124386,
15681847.49941417 4444842.04594202,
15684927.882089078 4443848.9651712105,
15687989.946735676 4442801.266877967,
15691032.719937392 4441699.302239905,
15694055.23534933 4440543.440395675,
15697056.534043394 4439334.068287056,
15700035.664849384 4438071.590493828,
15702991.684691852 4436756.429061481,
15705923.658922618 4435389.023321962,
15708830.661648758 4433969.829707546,
15711711.776055863 4432499.32155797,
15714566.094726505 4430977.988920989,
15717392.719953667 4429406.3383465,
15720190.764049087 4427784.892674322,
15722959.349646293 4426114.190815894,
15725697.60999825 4424394.787529926,
15728404.689269515 4422627.2531922525,
15731079.742822671 4420812.173559973,
15733721.937499067 4418950.1495301165,
15736330.451893644 4417041.796892951,
15738904.476623792 4415087.746080089,
15741443.214592109 4413088.641907617,
15743945.881243033 4411045.143314366,
15746411.70481316 4408957.923095522,
15748839.92657524 4406827.667631756,
15751229.801075755 4404655.076614025,
15753580.596366 4402440.862764244,
15755891.594226602 4400185.751552004,
15758162.09038543 4397890.4809074905,
15760391.394728802 4395555.800930832,
15762578.831506034 4393182.473597989,
15764723.739527116 4390771.272463429,
15766825.47235372 4388322.982359718,
15768883.398483245 4385838.399094241,
15770896.901526071 4383318.329143187,
15772865.380375918 4380763.589343053,
15774788.249373266 4378175.006579738,
15776664.93846191 4375553.417475506,
15778494.89333855 4372899.668073902,
15780277.575595481 4370214.613522893,
15782012.462856362 4367499.117756276,
15783699.048905054 4364754.053173681,
15785336.843807587 4361980.300319168,
15786925.374027206 4359178.747558739,
15788464.182532603 4356350.290756827,
15789952.82889925 4353495.832951943,
15791390.889403986 4350616.28403169
)
,
LINESTRING(
15521912.042728784 4419455.46658868,
15522459.577224301 4419573.513257998,
15524217.375527851 4420812.173559973)
,
LINESTRING(
15791390.889403986 4350616.28403169,
15791671.026001377 4350200.670795833)
,
LINESTRING(
15696344.288976768 4439112.465118616,
15699810.356461361 4436653.999630277,
15703231.579424238 4434134.65271926,
15706606.891107917 4431555.27728524,
15709935.241864417 4428916.74526737,
15713215.599496225 4426219.947262559,
15716446.949587513 4423465.792137546,
15719628.295825563 4420655.206635132,
15722758.660312247 4417789.134974821,
15725837.083865462 4414868.5384481745,
15728862.626310537 4411894.395009186,
15731834.366761444 4408867.69885995,
15734751.403891817 4405789.460031918,
15737612.856195765 4402660.703963067,
15740417.862238336 4399482.471071194,
15743165.580895728 4396255.816323731,
15745855.191585174 4392981.808804283,
15748485.894484464 4389661.531276192,
15751056.910741175 4386296.079743446,
15753567.482671574 4382886.563009174,
15756016.873949224 4379434.102232014,
15758404.369783323 4375939.830480628,
15760729.27708679 4372404.8922866415,
15762990.92463421 4368830.443196261,
15765188.663209563 4365217.649320831,
15767321.865743957 4361567.686886606,
15769389.927443264 4357881.741783964,
15771392.26590587 4354161.009116314,
15773328.321230542 4350406.69274898,
15775197.55611449 4346620.004858226,
15776999.45594176 4342802.165480725,
15778733.528862052 4338954.402063658,
15780399.305860018 4335077.949015674,
15781996.340815172 4331174.047258931,
15783524.210552558 4327243.943782425,
15784982.514884245 4323288.891196808,
15786370.876641799 4319310.147290899,
15787688.94169984 4315308.974590087,
15788936.378990823 4311286.639916768,
15790112.8805112 4307244.413953079,
15791218.161319034 4303183.570805996,
15792251.95952328 4299105.38757507,
15793214.036264831 4295011.14392289,
15794104.175689489 4290902.121648435,
15794922.184912998 4286779.604263501,
15795667.893978288 4282644.876572316,
15796341.155805118 4278499.224254476,
15796941.84613221 4274343.933451353,
15797469.863452058 4270180.2903560605,
15797925.128938619 4266009.580807164,
15798307.586367918 4261833.089886167,
15798617.202031838 4257652.10151892,
15798853.96464523 4253467.898081052,
15799017.885246433 4249281.760007541,
15799108.997091446 4245094.965406415,
15799127.355541859 4240908.789676819,
15799073.037946723 4236724.505131381,
15798946.143518498 4232543.380623028,
15798746.793203244 4228366.68117632,
15798475.129545221 4224195.667623308,
15798131.316546017 4220031.596244025,
15797715.53951841 4215875.718411663,
15797228.004935041 4211729.280242417,
15796668.940272158 4207593.522250144,
15796038.59384843 4203469.679005748,
15795337.234659135 4199358.97880145,
15794565.152205741 4195262.643319889,
15793722.656321106 4191181.887308071,
15792810.076990377 4187117.918256288,
15791827.76416779 4183071.9360818756,
15790776.08758943 4179045.1328179627,
15789655.436582183 4175038.6923071165,
15788466.219868898 4171053.7898999588,
15787208.86536999 4167091.592158719,
15785883.820001552 4163153.2565657273,
15784491.54947011 4159239.931236865,
15783032.538064186 4155352.7546399534,
15781507.288442692 4151492.8553180513,
15779916.321420392 4147661.3516176986,
15778260.175750453 4143859.351422032,
15776539.407904243 4140087.9518888015,
15774754.591848452 4136348.2391932704,
15772906.318819704 4132641.288275945,
15770995.197096657 4128968.1625951165,
15769021.851769831 4125329.91388424,
15766986.924509125 4121727.5819140603,
15764891.073329194 4118162.194259487,
15762734.972352795 4114634.766071212,
15760519.311572129 4111146.299851975,
15758244.79660829 4107697.7852375284,
15755912.148468949 4104290.1987822014,
15753522.103304287 4100924.5037490577,
15751075.412161306 4097601.649904601,
15748572.840736551 4094322.573318033,
15746015.169127382 4091088.1961649675,
15743403.191581788 4087899.4265355924,
15740737.716246884 4084757.1582472613,
15738019.564916085 4081662.2706614486,
15735249.572775107 4078615.6285050428,
15732428.588146774 4075618.081695927,
15729557.472234745 4072670.4651728314,
15726637.0988662 4069773.598729421,
15723668.354233524 4066928.286852516,
15720652.13663507 4064135.3185645207,
15717589.35621506 4061395.467269924,
15714480.934702585 4058709.4906058484,
15711327.805149896 4056078.1302966797,
15708130.911669906 4053502.1120126382,
15704891.20917299 4050982.145232357,
15701609.663103143 4048518.923109329,
15698287.249173498 4046113.122342261,
15694924.953101275 4043765.403049292,
15691523.77034218 4041476.408645965,
15688084.70582426 4039246.765727045,
15684608.7736813 4037077.0839520223
)
,
LINESTRING(
15696344.288976768 4439112.465118616,
15694568.100200031 4440336.819864589)
,
LINESTRING(
15684608.7736813 4037077.0839520223,
15681084.388522496 4034866.553598422)
,
LINESTRING(
15559416.99690989 4234866.30763586,
15557057.555554744 4223705.780259188)
,
LINESTRING(
15556037.648053713 4237921.192162466,
15553875.832142042 4237214.45815406)
,
LINESTRING(
15561781.221449997 4246037.5302202115,
15567475.019187333 4272892.3473092625)
,
LINESTRING(
15564928.622205656 4244425.616056779,
15575600.265981276 4256308.829731195)
,
LINESTRING(
15555290.721097246 4243918.040346223,
15534962.840986058 4262251.440412259)
,
LINESTRING(
15573874.45088907 4241232.491558505,
15582885.257270416 4242489.363864109)
,
LINESTRING(
15568753.223749341 4228536.91379897,
15574338.186610715 4221341.425187492)
,
LINESTRING(
15553140.15381922 4227715.8471405115,
15551937.971777568 4225780.28483534)
,
LINESTRING(
15547392.048420198 4235091.96013633,
15545231.342114432 4234383.696154333)
,
LINESTRING(
15554407.662302516 4224518.331413585,
15551860.641182072 4218174.005162192)
,
LINESTRING(
15544454.438918076 4239879.89668543,
15526272.354422653 4240475.988536893)
,
LINESTRING(
15579623.834571369 4227220.079232774,
15589238.845074236 4221155.61064493)
,
LINESTRING(
15548333.951820577 4219974.822607863,
15524403.36783393 4181318.592231117)
,
LINESTRING(
15555600.651969748 4273310.131533223,
15550809.511408323 4307389.442247662)
,
LINESTRING(
15594151.648469253 4244050.188395301,
15605421.22312553 4245599.594332265)
,
LINESTRING(
15591948.668899206 4226461.578913531,
15623461.463598987 4213513.663807827)
,
LINESTRING(
15559175.476124553 4205147.73023648,
15557996.125539543 4171065.974059405)
,
LINESTRING(
15520287.329612397 4217835.809659925,
15381170.867347214 4141741.126174524)
,
LINESTRING(
15514907.571356256 4240833.18472015,
15378480.594399292 4244196.808993263)
,
LINESTRING(
15532272.433919072 4275351.211072687,
15446879.445170552 4383669.085018446)
,
LINESTRING(
15532272.433919072 4275351.211072687,
15446879.445170552 4383669.085018446)
,
LINESTRING(
15507395.752152056 4179957.6752606845,
15492366.187202014 4163004.343754084)
,
LINESTRING(
15578947.022412399 4326789.799601868,
15605787.006582633 4451791.621926034)
,
LINESTRING(
15607679.888403002 4315028.25163948,
15639593.179580184 4365665.622024124)
,
LINESTRING(
15539279.649859982 4139231.0302775768,
15536960.375194576 4128160.804801926)
,
LINESTRING(
15506564.127924507 4152379.7152423044,
15482921.280561032 4113865.2582397526)
,
LINESTRING(
15482921.280561032 4113865.2582397526,
15473984.061746653 4104668.930861621,
15475339.685767865 4035316.251813251)
,
LINESTRING(
15650403.517405214 4122586.8006225573,
15670917.190816365 4095713.5129632386)
,
LINESTRING(
15580662.923082167 4093258.555477681,
15585273.486163577 4059809.284099571)
,
LINESTRING(
15585273.486163577 4059809.284099571,
15588674.758047633 4035068.383716924
)
,
LINESTRING(
15645764.749405291 4375419.637205322,
15658141.544636525 4394943.252453932)
,
LINESTRING(
15378480.594399292 4244196.808993263,
15378540.276444536 4235344.1904477775,
15384189.740602296 4034321.714812671,
15475339.685767865 4035316.251813251,
15681084.388522496 4034866.553598422,
15707645.837467385 4034536.2886217157,
15718078.329079561 4038938.742637523,
15806907.572082901 4075962.524017335,
15809049.544618247 4171523.391226683,
15813136.206813598 4349582.103445341,
15791671.026001377 4350200.670795833)
,
LINESTRING(
15718078.329079561 4038938.742637523,
15745185.24352934 4060826.999516735,
15809049.544618247 4171523.391226683)
,
LINESTRING(
15704631.243812542 4352268.579626524,
15773279.809239103 4350696.395070057)
)
